amount of pumps
volume/±0.000002 m³
pressure pa
relative uncertainty
0
0.000250
1.016E+05
0.40%
10
0.000630
2.560E+05
3.29%
20
0.001010
4.105E+05
3.16%
30
0.001390
5.649E+05
3.12%
40
0.001770
7.193E+05
3.10%
50
0.002150
8.738E+05
3.08%


pumps amount
peak start /s ± 0.0001
peak end /s ± 0.0001
peak height /N ± 1
50
2.5071
2.5843
19
40
4.8642
4.9227
12
30
2.9819
3.0025
24
20
2.1416
2.1864
12
10
3.8678
3.8821
14
50
2.3462
2.3567
34
40
3.5060
3.5140
40
30
1.8302
1.8451
27
20
2.1203
2.1328
17
10
2.3507
2.3630
17
50
2.1928
2.2020
32
40
2.0100
2.0240
26
30
2.6686
2.6769
24
20
1.9926
2.0040
20
10
1.5973
1.6063
16
50
3.0298
3.0876
22
40
1.7300
1.7791
12
30
4.0077
4.0328
20
20
3.6033
3.6281
17
10
2.1055
2.1473
4
50
2.6245
2.6689
30
40
2.6613
2.6804
19
30
4.6452
4.6890
11
20
2.0122
2.0399
14
10
2.2739
2.2986
5


pump
change in time/S
peak height/N
impulse/ns
uncertainty
ranges/ns
50
0.0398
27
0.55
4.15%
0.29
40
0.0297
22
0.32
5.26%
0.10
30
0.0225
21
0.24
5.60%
0.07
20
0.0242
16
0.19
7.08%
0.08
10
0.0204
11
0.11
9.91%
0.02


